<<<<<<< HEAD
1 3 0 Nath bleu 0 6 3 18 1 2 2 0 2 2 2 0 3 2 2 0 1 0 1 Bot rouge 0 5 8 34 1 2 11 0 2 2 11 0 3 2 11 0 1 1 2 Bot vert 0 12 2 0 1 12 2 0 2 12 2 0 3 12 2 0 1 2 3 Bot jaune 0 12 11 0 1 12 11 0 2 12 11 0 3 12 11 0 
=======
<<<<<<< HEAD
1 2 0 Quentin bleu 0 2 2 0 1 2 2 0 2 2 2 0 3 2 2 0 1 0 1 Bot rouge 0 2 11 0 1 2 11 0 2 2 11 0 3 2 11 0 1 1 2 Bot vert 0 12 2 0 1 12 2 0 2 12 2 0 3 12 2 0 1 3 3 Bot jaune 0 12 11 0 1 12 11 0 2 12 11 0 3 12 11 0 
=======
<<<<<<< HEAD
4 0 0 Nath bleu 0 6 4 19 1 2 2 0 2 2 2 0 3 2 2 0 4 1 1 Jsa rouge 0 8 2 11 1 5 8 34 2 0 8 29 3 0 8 29 4 2 2 KS vert 0 2 6 25 1 12 2 0 2 12 2 0 3 12 2 0 4 3 3 Tin jaune 0 14 8 55 1 12 11 0 2 12 11 0 3 12 11 0 
=======
4 1 0 1 bleu 0 2 2 0 1 2 2 0 2 2 2 0 3 2 2 0 4 3 1 2 rouge 0 2 11 0 1 2 11 0 2 2 11 0 3 2 11 0 4 0 2 3 vert 0 12 2 0 1 12 2 0 2 12 2 0 3 12 2 0 4 2 3 4 jaune 0 12 11 0 1 12 11 0 2 12 11 0 3 12 11 0 
>>>>>>> d2f1fafef83c164e81c68520c8686bbf949e24bc
>>>>>>> 3e509da1e261e559caa50a8353ef90b3d2049f5b
>>>>>>> 2c817807ea40add216337b21e4e08fdb2b6684f9
